0.00000000e+00  0.00000000e+00  0.00000000e+00  0.00000000e+00 0.00000000e+00  0.00000000e+00  0.00000000e+00  0.00000000e+00 0.00000000e+00  0.00000000e+00  0.00000000e+00  0.00000000e+00 0.00000000e+00  0.00000000e+00  0.00000000e+00  0.00000000e+00 0.00000000e+00  0.00000000e+00  0.00000000e+00  0.00000000e+00
0.00000000e+00  0.00000000e+00  0.00000000e+00  0.00000000e+00 0.00000000e+00  0.00000000e+00  0.00000000e+00  0.00000000e+0   0.00000000e+00  0.00000000e+00  0.00000000e+00  0.00000000e+00 0.00000000e+00  0.00000000e+00  0.00000000e+00  0.00000000e+00 0.00000000e+00  0.00000000e+00  0.00000000e+00  0.00000000e+00
0.00000000e+00  0.00000000e+00  0.00000000e+00  0.00000000e+00 0.00000000e+00  0.00000000e+00  0.00000000e+00  0.00000000e+00 0.00000000e+00  3.22856793e-04 -9.15576210e-04 2.53532265e-02 -3.85931128e-02 -3.84044678e-02 -1.93746688e-02  3.90933920e-04 8.19371408e-05  0.00000000e+00  0.00000000e+00  0.00000000e+00
0.00000000e+00  0.00000000e+00  0.00000000e+00  0.00000000e+00 0.00000000e+00  0.00000000e+00  0.00000000e+00  1.17402470e-04 -8.24754902e-04 -7.05284926e-03 -1.09662139e-02  1.96883340e-01 3.20908867e-01  3.18912394e-01  1.41719652e-01 -1.56820193e-02 -2.65063317e-04  3.30194448e-05  0.00000000e+00  0.00000000e+00
0.00000000e+00  0.00000000e+00  0.00000000e+00  0.00000000e+00 0.00000000e+00  0.00000000e+00  2.45098039e-04 -1.96159961e-03 -1.20715891e-02  5.62372345e-03  2.90347478e-01  8.64413041e-01 9.88390846e-01  9.85526535e-01  7.99468444e-01  1.56723175e-01 -1.74198325e-02  5.39317598e-04  0.00000000e+00  0.00000000e+00
0.00000000e+00  0.00000000e+00  0.00000000e+00  0.00000000e+00 0.00000000e+00  2.38522588e-17 -1.08847358e-03 -2.90722793e-02 2.35753608e-01  7.92536322e-01  1.00266258e+00  1.05862132e+00 8.76247129e-01  9.29120694e-01  1.06343234e+00  7.31781386e-01 3.59943151e-02 -1.31336370e-02  4.04241558e-04  0.00000000e+00
0.00000000e+00  0.00000000e+00  0.00000000e+00 0.00000000e+00 2.45098039e-04 -1.08847358e-03 -3.02730120e-02 2.22924174e-01 8.56914097e-01  1.00723112e+00  4.52620660e-01  4.22602805e-01 1.82431498e-01  2.29894182e-01  7.63649901e-01  9.83978673e-01 4.54453908e-01 -1.25295544e-03 -4.18113426e-03  0.00000000e+00
0.00000000e+00  0.00000000e+00  0.00000000e+00  1.95670784e-05 -1.18788472e-03 -1.45840807e-02  2.27772733e-01  8.49794333e-01 1.03787200e+00  5.89619682e-01 -4.63046078e-02 -5.30524642e-02 -2.38986844e-02 -6.55092026e-02 4.97592825e-01  1.01926148e+00 9.17334223e-01  1.06986866e-01 -1.69564361e-02  0.00000000e+00
0.00000000e+00  0.00000000e+00  0.00000000e+00 -9.16564542e-05 -1.67706121e-02  1.15367579e-01  8.06616524e-01  1.02730740e+00 7.50930573e-01  1.01062687e-01 -2.01214937e-02  1.34701797e-04 0.00000000e+00 -1.90195057e-02  2.72716469e-01  9.73519029e-01 9.89230358e-01  1.34740430e-01 -1.98124319e-02  0.00000000e+00
0.00000000e+00  0.00000000e+00  0.00000000e+00 -8.66166258e-04 -2.72397706e-02 4.07026008e-01  1.01467490e+00  8.12184787e-01 9.60610532e-02  4.99268110e-04  8.88480392e-06 -4.68750000e-05 8.80518528e-05 -2.97574551e-02  4.51886268e-01  1.02012866e+00 7.17333725e-01  4.56954975e-02 -1.02456087e-02  0.00000000e+00
0.00000000e+00  3.31857514e-18  9.78353920e-04 -1.79511846e-02 8.23780467e-02  8.85095537e-01  1.01910405e+00  8.77518531e-01 5.05646276e-01  2.22961023e-01 -8.77200776e-03 -7.87837010e-04 9.95475113e-04 -4.42252349e-02  5.57143689e-01 1.02120044e+0 4.57385961e-01 -1.32357527e-02 -3.22933687e-03  0.00000000e+00
0.00000000e+00  4.30623638e-04 -1.41265134e-02  5.47903561e-02 5.13331563e-01  9.86177730e-01  1.00378859e+00  1.02784066e+00 8.81669237e-01  1.75647535e-01 -2.02476171e-02  1.37016612e-04 -2.60476200e-02  1.41610890e-01  8.07201287e-01  7.40654480e-01 9.93945568e-02 -1.73559985e-02  2.28758170e-04  0.00000000e+00
0.00000000e+00 -6.68558830e-03  2.27848153e-02  5.18736667e-01 9.43501199e-01  9.50583768e-01  9.06830915e-01 8.26161357e-01 2.59302617e-01 -8.14776881e-03 -2.08012311e-03 -1.69574892e-02 -1.98703986e-02  5.62824199e-01  9.66719253e-01  2.69194081e-01 -2.92052403e-02  1.07273151e-03  0.00000000e+00  0.00000000e+00
0.00000000e+00 -2.18887868e-02  1.52704282e-01  1.05740831e+00 1.00747316e+00  6.90700963e-01  3.15753472e-01  2.88350828e-01 5.17292688e-02 -3.85486792e-02 -3.64513889e-02  5.55434368e-02 5.03607069e-01  9.99676777e-01  4.99540543e-01 -2.16885042e-02 -2.08379289e-03  6.11471200e-05 0.00000000e+00  0.00000000e+00
0.00000000e+00 -9.33091639e-03  4.37851596e-02  6.25597750e-01 9.98682683e-01  9.47196708e-01  8.44518263e-01  8.65640839e-01 7.60129596e-01  5.74255498e-01  5.76234835e-01  7.58724282e-01 1.03109059e+00  6.83323734e-01  8.16175279e-02 -1.06374251e-02 -1.62173203e-04  0.00000000e+00  0.00000000e+00  0.00000000e+00
0.00000000e+00  3.84497549e-04 -1.98596164e-02  1.09942981e-01 6.48968835e-01  7.75507115e-01  7.76910846e-01  7.73937959e-01 7.70750272e-01  7.68581240e-01  7.71992017e-01  7.83497838e-01 6.10717494e-01  6.84297045e-02 -1.89090584e-02  3.23529412e-04 3.58455882e-05  0.00000000e+00  0.00000000e+00  0.00000000e+00
0.00000000e+00  3.21691176e-05  3.98118707e-04 -8.11094090e-03 5.67306645e-03  1.52478554e-02  1.39710989e-02 1.40424531e-02 1.47417279e-02  1.56728452e-02  1.54803411e-02  1.53017940e-02 2.51445450e-03 -8.21090346e-03  3.38235294e-04  3.58455882e-05 0.00000000e+00  0.00000000e+00  0.00000000e+00  0.00000000e+00
0.00000000e+00  0.00000000e+00  3.90527968e-05 -1.03134809e-04 -4.63169051e-03 -6.26391097e-03 -6.06579430e-03 -6.06579430e-03 -6.06579430e-03 -6.06579430e-03 -6.06579430e-03 -6.19216502e-03 -4.07939006e-03  1.26370715e-04  0.00000000e+00  0.00000000e+00 0.00000000e+00  0.00000000e+00  0.00000000e+00  0.00000000e+00
0.00000000e+00  0.00000000e+00  0.00000000e+00  0.00000000e+00  0.00000000e+00  0.00000000e+00  0.00000000e+00  0.00000000e+00 0.00000000e+00  0.00000000e+00  0.00000000e+00  0.00000000e+00 0.00000000e+00  0.00000000e+00  0.00000000e+00  0.00000000e+00 0.00000000e+00  0.00000000e+00  0.00000000e+00  0.00000000e+00
0.00000000e+00  0.00000000e+00  0.00000000e+00  0.00000000e+00 0.00000000e+00  0.00000000e+00  0.00000000e+00 0.00000000e+00 0.00000000e+00  0.00000000e+00  0.00000000e+00  0.00000000e+00 0.00000000e+00  0.00000000e+00  0.00000000e+00  0.00000000e+00 0.00000000e+00  0.00000000e+00  0.00000000e+00  0.00000000e+00


[0.00784314 0.00392157 0.00392157 0.00392157 0.00392157 0.00392157 0.         0.         0.         0.01176471 0.         0.         0.         0.00392157 0.00392157 0.00392157 0.00392157 0.00392157 0.00392157 0.00784314]
[0.00392157 0.         0.         0.         0.         0.         0.22352    0.59607843 0.76470588 0.78039216 0.74509804 0.4        0.         0.         0.         0.         0.         0.         0.         0.00392157]
[0.00392157 0.         0.         0.         0.         0.39215686 0.85882353 0.52941176 0.27843137 0.22352941 0.36078431 0.77647059 0.52941176 0.         0.         0.         0.         0.         0.         0.00392157]
[0.00392157 0.         0.         0.         0.24313725 0.82745098 0.15294118 0.         0.         0.         0.         0.05882353 0.77647059 0.41568627 0.         0.         0.         0.         0.         0.00392157]
[0.00392157 0.         0.         0.02745098 0.75294118 0.25490196 0.         0.         0.         0.         0.         0.         0.1254902  0.82745098 0.21960784 0.         0.         0.         0.         0.00392157]
[0.00392157 0.         0.         0.27058824 0.65098039 0.         0.         0.         0.         0.         0.         0.         0.         0.30196078 0.70980392 0.00784314 0.         0.         0.         0.00392157]
[0.00392157 0.         0.         0.53333333 0.35686275 0.         0.         0.         0.         0.         0.         0.         0.         0.00392157 0.69803922 0.2745098  0.         0.         0.         0.00392157]
[0.00392157 0.         0.         0.6627451  0.17647059 0.         0.         0.         0.         0.         0.         0.         0.         0.         0.28235294 0.68235294 0.         0.         0.         0.00392157]
[0.00392157 0.         0.03137255 0.69803922 0.06666667 0.         0.         0.         0.         0.         0.         0.         0.         0.         0.01568627 0.7254902  0.16078431 0.         0.         0.00392157]
[0.00392157 0.         0.09803922 0.68627451 0.00784314 0.         0.         0.         0.         0.         0.         0.         0.         0.         0.         0.45490196 0.46666667 0.         0.         0.00392157]
[0.00392157 0.         0.14901961 0.64705882 0.         0.         0.         0.         0.         0.         0.         0.         0.         0.         0.         0.20392157 0.64313725 0.         0.         0.00392157]
[0.00392157 0.         0.16470588 0.61960784 0.         0.         0.         0.         0.         0.         0.         0.         0.         0.         0.         0.11372549 0.65098039 0.         0.         0.00392157]
[0.00392157 0.         0.16470588 0.61960784 0.         0.         0.         0.         0.         0.         0.         0.         0.         0.         0.         0.11764706 0.64705882 0.         0.         0.00392157]
[0.00392157 0.         0.16470588 0.63529412 0.         0.         0.         0.         0.         0.         0.         0.         0.         0.         0.         0.12941176 0.65490196 0.         0.         0.00392157]
[0.00392157 0.         0.09803922 0.69411765 0.01176471 0.         0.         0.         0.         0.         0.         0.         0.         0.         0.         0.19607843 0.63137255 0.         0.         0.00392157]
[0.00392157 0.         0.01960784 0.70588235 0.09411765 0.         0.         0.         0.         0.         0.         0.         0.         0.         0.         0.37254902 0.51372549 0.         0.         0.00392157]
[0.00392157 0.         0.         0.6        0.30980392 0.         0.         0.         0.         0.         0.         0.         0.         0.         0.         0.65490196 0.25882353 0.         0.         0.00392157]
[0.00392157 0.         0.         0.2627451  0.79215686 0.15294118 0.         0.         0.         0.         0.         0.         0.         0.         0.36862745 0.75686275 0.02745098 0.         0.         0.00392157]
[0.00392157 0.         0.         0.         0.4627451  0.84705882 0.67843137 0.49019608 0.36862745 0.29411765 0.29019608 0.29019608 0.33333333 0.60392157 0.82745098 0.16470588 0.         0.         0.         0.00392157]
[0.00784314 0.00392157 0.00392157 0.00392157 0.         0.15294118 0.45882353 0.65490196 0.76470588 0.81568627 0.81568627 0.81568627 0.8        0.58431373 0.13333333 0.         0.00392157 0.00392157 0.00392157 0.00784314]
